160,411,419,748,243
366,393,314,382,625,159,190,597,358,519,496,839,563,329,705,775,156,548,41,972,429,987,603,635,263,80,631,377,40,392,43,378,777,772,962,971,861,404,765,274,433,412,833,72,770,721,186,697,868,768,686,15,539,58,529,910,114,440,503,454,291,408,153,726,779,257,350,802,219,416,387,557,993,372,879,173,317,554,193,131,739,871,330,100,950,965,313,328,807,32,930,706,252,482,42,909,672,143,71,956
309,990,544,255,22
480,615,916,953,820,391,871,992,611,886,663,303,574,207,263,115,436,293,629,556,372,185,773,90,576,917,603,987,353,885,419,579,373,47,116,815,752,906,897,546,864,889,433,767,18,40,20,243,517,229,451,980,5,568,632,129,399,826,378,404,800,147,77,253,926,790,379,99,449,290,284,550,328,291,805,66,428,628,281,522,331,962,836,240,78,540,41,516,804,573,830,865,132,584,952,875,636,614,907,279
238,138,42,797,985
876,282,226,115,696,456,477,950,223,304,522,628,280,507,821,687,44,604,518,283,749,227,71,297,848,781,603,46,711,864,972,47,585,4,1,715,440,796,432,890,968,710,917,505,355,74,72,364,268,780,685,988,88,483,627,50,465,455,396,342,822,799,188,667,319,429,632,805,548,469,249,486,800,400,735,148,313,520,487,771,307,56,250,954,587,253,898,975,210,967,930,461,266,951,684,294,870,403,281,49
127,846,399,90,642
19,107,122,972,202,987,265,516,276,917,429,716,27,669,731,538,357,755,804,872,137,853,841,471,703,71,268,756,924,67,494,69,483,86,556,634,393,317,226,216,665,795,879,131,939,329,4,983,709,178,583,465,261,512,941,616,570,963,271,500,350,717,222,948,486,53,860,698,365,796,511,207,92,783,956,663,30,864,515,196,740,545,421,143,621,304,153,943,328,529,701,866,28,641,440,310,510,295,144,947
542,620,290,286,834
835,398,626,70,299,353,370,69,829,426,457,635,496,434,803,75,702,995,719,570,378,699,974,586,448,211,64,258,254,629,224,468,245,903,180,403,930,427,882,792,111,743,218,42,380,524,394,438,77,409,694,491,340,532,988,388,151,768,993,227,425,410,544,990,827,332,474,846,18,106,515,276,739,574,517,575,437,440,246,291,456,789,733,27,878,801,612,831,547,50,945,389,295,917,346,343,417,11,329,850
694,432,354,798,444
227,941,374,353,875,722,476,866,493,79,452,417,371,791,990,838,801,886,286,705,659,573,455,568,814,577,560,404,362,357,531,770,677,22,190,651,605,344,225,53,21,713,296,150,397,309,738,678,967,639,515,136,884,492,882,522,540,110,790,113,257,512,968,980,488,510,450,289,765,340,33,479,305,622,299,804,331,927,246,241,478,618,23,947,894,293,489,760,6,103,858,402,32,407,700,281,634,890,126,323
561,179,98,9,146
576,402,634,654,451,875,111,121,105,661,292,426,624,569,233,882,238,192,619,368,479,581,758,189,908,740,872,117,542,520,733,811,443,970,597,647,14,191,360,869,16,744,226,895,133,428,768,907,494,781,939,632,128,989,745,866,725,448,272,145,930,472,530,483,949,245,719,662,826,916,927,718,819,633,77,874,308,936,326,424,774,566,126,359,366,482,864,244,354,503,547,988,946,715,301,271,535,521,644,767
384,789,455,297,526
379,821,400,993,248,789,284,180,300,319,168,651,289,27,714,483,517,124,528,739,875,427,196,546,895,807,178,58,667,606,471,40,61,628,195,258,626,903,236,890,52,363,646,162,22,66,999,893,934,79,575,216,308,140,736,961,515,163,584,585,398,146,464,552,724,158,860,474,866,715,91,547,344,819,209,700,246,835,386,287,802,773,663,586,823,569,978,587,674,785,156,688,81,809,96,118,448,391,480,67
146,217,45,225,485
60,108,755,438,314,209,11,335,455,403,690,262,143,528,424,719,196,224,749,418,483,554,86,646,956,895,511,672,265,490,254,542,952,379,613,322,281,967,278,119,401,616,862,801,122,913,333,964,912,921,73,410,359,341,971,453,334,842,486,290,512,19,317,522,797,243,977,72,470,416,441,951,577,741,815,331,95,269,195,18,167,100,682,178,506,435,146,337,638,36,389,349,381,823,43,900,309,873,159,313
789,398,699,382,556
558,231,40,708,903,731,722,543,812,402,766,586,958,18,587,807,785,515,411,156,762,922,416,295,431,974,91,312,949,943,714,875,373,819,730,98,114,349,674,998,339,259,4,516,257,195,564,11,779,652,209,924,133,6,290,897,427,643,756,169,96,634,400,607,649,496,206,106,821,741,767,648,334,434,178,877,219,277,497,304,320,352,225,881,409,792,975,622,33,512,118,886,520,763,271,309,920,183,148,787
